This is DENSE_1 OUTPUT
=================================

[ 3.3951716   0.84247994  0.          0.          0.          3.805136
  0.          0.          0.          0.          2.88491     0.
  0.          0.7299816   0.          0.          2.7589307   5.266284
  0.          5.3047523  10.682058    0.          5.4213014   0.
  6.8168964   0.          0.          0.          2.4076414   7.8639054
  1.0337888   0.          0.          0.          0.          0.
  0.          0.          0.          0.          5.1242385   1.8836888
  0.          0.          0.          0.          1.0859993   0.
  0.          0.          0.          3.6557481   3.1407273   0.
  0.          0.          0.          0.          0.          0.04204661
  2.5430245   9.364173    0.          6.920545    0.          0.
  0.          0.          0.          3.4547539   0.          0.
  0.          0.          0.          0.          3.2216578   0.
  4.689569    6.372161    0.          5.715411    0.          0.
  3.4565432   0.          0.          0.          0.          0.
  0.          0.04785766  0.          0.          5.0867887   0.
  0.          0.          0.          1.4584938   0.          0.
  0.          0.          0.          0.5570149   0.          7.3022623
  0.          0.          0.82403046  4.380118    0.          0.
  0.          0.          0.          0.          0.          3.744643  ] 