This is POOLING_1 OUTPUT
=================================



This is NEURON(0) OUTPUT :
0.0 0.0 0.0 0.0 0.0 0.0 0.0 0.0 0.0 0.0 0.0 0.0 0.0 0.0 0.0 
0.0 0.0 0.0 0.0 0.0 0.0 0.0 0.0 0.0 0.0 0.0 0.0 0.0 0.0 0.0 
0.0 0.0 0.0 0.0 0.0 0.0 0.0 0.0 0.0 0.0 0.0 0.0 0.0 0.0 0.0 
0.0 0.0 0.0 0.0 0.0 0.0 0.0 0.0 0.0 0.0 0.0 0.0 0.0 0.0 0.0 
0.0 0.0 0.0 0.0 0.0 0.0 0.0 0.0 0.0 0.0 0.0 0.0 0.0 0.0 0.0 
0.0 0.0 0.0 0.0 0.0 0.0 1.9545476 43.606544 18.818474 0.0 0.0 0.0 0.0 0.0 0.0 
0.0 0.0 0.0 0.0 18.876852 47.999825 24.829203 1.7068677 0.0 0.0 0.29748315 0.0 0.0 0.0 0.0 
0.0 0.0 0.0 0.0 3.513797 3.9368856 0.0 0.0 0.0 0.0 0.0 0.0 0.0 0.0 0.0 
0.0 0.0 0.0 0.0 0.0 0.0 0.0 0.0 0.0 0.43849456 0.0 0.0 0.0 0.0 0.0 
0.0 0.0 0.0 0.0 0.0 0.0 0.0 0.0 0.0 0.0 0.0 0.0 0.0 0.0 0.0 
0.0 0.0 0.0 0.0 0.0 0.0 0.0 0.0 0.0 0.29491428 0.0 0.0 0.0 0.0 0.0 
0.0 0.0 0.0 0.0 0.0 0.0 0.0 0.0 0.0 0.0 0.0 0.0 0.0 0.0 0.0 
0.0 0.0 0.0 0.0 0.0 0.0 0.0 0.0 0.0 0.0 0.0 0.0 0.0 0.0 0.0 
0.0 0.0 0.0 0.0 0.0 0.0 1.0037782 28.658554 0.0 0.0 0.0 0.0 0.0 0.0 0.0 
0.0 0.0 0.0 0.0 0.0 0.0 1.6168158 28.244284 7.2038846 0.0 0.0 0.0 0.0 0.0 0.0 


This is NEURON(1) OUTPUT :
0.10383785 0.10383785 0.10383785 0.10383785 0.10383785 0.10383785 0.10383785 0.10383785 0.10383785 0.10383785 0.10383785 0.10383785 0.10383785 0.10383785 0.10383785 
0.10383785 0.10383785 0.10383785 0.10383785 0.10383785 0.10383785 0.10383785 0.10383785 0.10383785 0.10383785 0.10383785 0.10383785 0.10383785 0.10383785 0.10383785 
0.10383785 0.10383785 0.10383785 0.10383785 0.10383785 0.10383785 0.10383785 0.10383785 0.10383785 0.10383785 0.10383785 0.10383785 0.10383785 0.10383785 0.10383785 
0.10383785 0.10383785 0.10383785 0.10383785 0.10383785 0.10383785 0.10383785 0.051918924 0.051918924 0.051918924 0.077878386 0.10383785 0.10383785 0.10383785 0.10383785 
0.10383785 0.10383785 0.10383785 0.10383785 0.051918924 0.025959462 0.0 0.0 0.0 0.0 14.103318 0.10383785 0.10383785 0.10383785 0.10383785 
0.10383785 0.10383785 0.10383785 0.10383785 0.0 0.0 31.032223 80.71031 43.968124 14.069598 21.594109 0.10383785 0.10383785 0.10383785 0.10383785 
0.10383785 0.10383785 0.10383785 0.10383785 24.476383 65.38659 57.736504 5.836097 0.0 28.074554 6.3753114 0.10383785 0.10383785 0.10383785 0.10383785 
0.10383785 0.10383785 0.10383785 0.10383785 2.2917628 5.413512 0.10383785 0.025959462 0.0 30.790339 0.10383785 0.10383785 0.10383785 0.10383785 0.10383785 
0.10383785 0.10383785 0.10383785 0.10383785 0.10383785 0.10383785 0.10383785 0.0 0.0 34.59011 0.10383785 0.10383785 0.10383785 0.10383785 0.10383785 
0.10383785 0.10383785 0.10383785 0.10383785 0.10383785 0.10383785 0.10383785 0.0 7.7963195 22.937748 0.10383785 0.10383785 0.10383785 0.10383785 0.10383785 
0.10383785 0.10383785 0.10383785 0.10383785 0.10383785 0.10383785 0.10383785 0.0 26.811962 8.428664 0.10383785 0.10383785 0.10383785 0.10383785 0.10383785 
0.10383785 0.10383785 0.10383785 0.10383785 0.10383785 0.10383785 0.051918924 0.0 25.634705 0.10383785 0.10383785 0.10383785 0.10383785 0.10383785 0.10383785 
0.10383785 0.10383785 0.10383785 0.10383785 0.10383785 0.10383785 0.13825417 0.0 8.760864 0.10383785 0.10383785 0.10383785 0.10383785 0.10383785 0.10383785 
0.10383785 0.10383785 0.10383785 0.10383785 0.10383785 0.10383785 5.662156 15.472697 47.44971 0.10383785 0.10383785 0.10383785 0.10383785 0.10383785 0.10383785 
0.10383785 0.10383785 0.10383785 0.10383785 0.10383785 0.10383785 1.7160461 14.276969 21.585974 0.10383785 0.10383785 0.10383785 0.10383785 0.10383785 0.10383785 


This is NEURON(2) OUTPUT :
0.0 0.0 0.0 0.0 0.0 0.0 0.0 0.0 0.0 0.0 0.0 0.0 0.0 0.0 0.0 
0.0 0.0 0.0 0.0 0.0 0.0 0.0 0.0 0.0 0.0 0.0 0.0 0.0 0.0 0.0 
0.0 0.0 0.0 0.0 0.0 0.0 0.0 0.0 0.0 0.0 0.0 0.0 0.0 0.0 0.0 
0.0 0.0 0.0 0.0 0.0 0.0 0.0 0.0 0.0 0.0 0.0 0.0 0.0 0.0 0.0 
0.0 0.0 0.0 0.0 0.0 0.0 0.0 0.0 0.0 0.0 0.0 0.0 0.0 0.0 0.0 
0.0 0.0 0.0 0.0 14.823514 0.0 0.0 2.5062175 1.7000448 0.0 0.0 0.0 0.0 0.0 0.0 
0.0 0.0 0.0 0.0 52.06762 6.257175 0.0 2.3092973 19.321058 0.0 0.0 0.0 0.0 0.0 0.0 
0.0 0.0 0.0 0.0 2.9758654 0.0 0.0 3.513348 20.394373 0.0 0.0 0.0 0.0 0.0 0.0 
0.0 0.0 0.0 0.0 0.0 0.0 0.0 20.079678 0.64375937 0.0 0.0 0.0 0.0 0.0 0.0 
0.0 0.0 0.0 0.0 0.0 0.0 0.0 26.097952 0.0 0.0 0.0 0.0 0.0 0.0 0.0 
0.0 0.0 0.0 0.0 0.0 0.0 0.0 25.56186 0.0 0.0 0.0 0.0 0.0 0.0 0.0 
0.0 0.0 0.0 0.0 0.0 0.0 0.8713742 29.105598 0.0 0.0 0.0 0.0 0.0 0.0 0.0 
0.0 0.0 0.0 0.0 0.0 0.0 10.170963 26.651312 0.0 0.0 0.0 0.0 0.0 0.0 0.0 
0.0 0.0 0.0 0.0 0.0 0.0 13.869287 44.032394 0.0 0.0 0.0 0.0 0.0 0.0 0.0 
0.0 0.0 0.0 0.0 0.0 0.0 1.9074512 14.685701 0.0 0.0 0.0 0.0 0.0 0.0 0.0 


This is NEURON(3) OUTPUT :
0.0 0.0 0.0 0.0 0.0 0.0 0.0 0.0 0.0 0.0 0.0 0.0 0.0 0.0 0.0 
0.0 0.0 0.0 0.0 0.0 0.0 0.0 0.0 0.0 0.0 0.0 0.0 0.0 0.0 0.0 
0.0 0.0 0.0 0.0 0.0 0.0 0.0 0.0 0.0 0.0 0.0 0.0 0.0 0.0 0.0 
0.0 0.0 0.0 0.0 0.0 0.0 0.0 0.0 0.0 0.0 3.0078173 0.0 0.0 0.0 0.0 
0.0 0.0 0.0 0.0 0.0 0.0 0.0 0.0 10.810596 0.0 11.115678 0.0 0.0 0.0 0.0 
0.0 0.0 0.0 0.0 1.8627555 6.039948 22.35643 33.69746 2.1822026 0.0 0.0 0.0 0.0 0.0 0.0 
0.0 0.0 0.0 0.0 29.535465 18.289795 0.0 1.1149051 0.5100159 0.0 0.0 0.0 0.0 0.0 0.0 
0.0 0.0 0.0 0.0 1.3329641 0.0 0.0 0.0 0.0 0.0 0.0 0.0 0.0 0.0 0.0 
0.0 0.0 0.0 0.0 0.0 0.0 0.0 0.8529125 0.0 0.0 0.0 0.0 0.0 0.0 0.0 
0.0 0.0 0.0 0.0 0.0 0.0 0.0 0.32450312 0.0 0.0 0.0 0.0 0.0 0.0 0.0 
0.0 0.0 0.0 0.0 0.0 0.0 0.0 5.081821 0.0 0.0 0.0 0.0 0.0 0.0 0.0 
0.0 0.0 0.0 0.0 0.0 0.0 0.0 2.3235805 0.0 0.0 0.0 0.0 0.0 0.0 0.0 
0.0 0.0 0.0 0.0 0.0 0.0 4.0610256 2.0492365 1.7141217 0.0 0.0 0.0 0.0 0.0 0.0 
0.0 0.0 0.0 0.0 0.0 0.0 7.35676 26.957527 0.0 0.0 0.0 0.0 0.0 0.0 0.0 
0.0 0.0 0.0 0.0 0.0 0.0 0.5914848 7.125801 0.0 0.0 0.0 0.0 0.0 0.0 0.0 


This is NEURON(4) OUTPUT :
0.0 0.0 0.0 0.0 0.0 0.0 0.0 0.0 0.0 0.0 0.0 0.0 0.0 0.0 0.0 
0.0 0.0 0.0 0.0 0.0 0.0 0.0 0.0 0.0 0.0 0.0 0.0 0.0 0.0 0.0 
0.0 0.0 0.0 0.0 0.0 0.0 0.0 0.0 0.0 0.0 0.0 0.0 0.0 0.0 0.0 
0.0 0.0 0.0 0.0 0.0 0.0 0.0 1.4346833 3.126598 0.0 0.0 0.0 0.0 0.0 0.0 
0.0 0.0 0.0 0.0 5.1194673 1.1605645 2.3603675 7.014179 38.47682 12.697161 5.638807 0.0 0.0 0.0 0.0 
0.0 0.0 0.0 0.0 46.431347 34.852257 33.92398 45.682312 69.69979 0.0 0.0 0.0 0.0 0.0 0.0 
0.0 0.0 0.0 0.0 40.67244 31.1489 0.5077585 6.506119 60.14607 0.0 0.0 0.0 0.0 0.0 0.0 
0.0 0.0 0.0 0.0 2.422852 0.0 0.0 21.704199 42.954437 0.0 0.0 0.0 0.0 0.0 0.0 
0.0 0.0 0.0 0.0 0.0 0.0 0.0 48.961555 17.123951 0.0 0.0 0.0 0.0 0.0 0.0 
0.0 0.0 0.0 0.0 0.0 0.0 0.0 63.940075 2.2270663 0.0 0.0 0.0 0.0 0.0 0.0 
0.0 0.0 0.0 0.0 0.0 0.0 0.0 67.98658 0.0 0.0 0.0 0.0 0.0 0.0 0.0 
0.0 0.0 0.0 0.0 0.0 0.0 6.5916157 56.92573 0.0 0.0 0.0 0.0 0.0 0.0 0.0 
0.0 0.0 0.0 0.0 0.0 0.0 16.104828 49.761288 0.0 0.0 0.0 0.0 0.0 0.0 0.0 
0.0 0.0 0.0 0.0 0.0 0.0 12.650858 48.47765 10.298016 0.0 0.0 0.0 0.0 0.0 0.0 
0.0 0.0 0.0 0.0 0.0 0.0 1.5498283 12.272561 0.0 0.0 0.0 0.0 0.0 0.0 0.0 


This is NEURON(5) OUTPUT :
0.0 0.0 0.0 0.0 0.0 0.0 0.0 0.0 0.0 0.0 0.0 0.0 0.0 0.0 0.0 
0.0 0.0 0.0 0.0 0.0 0.0 0.0 0.0 0.0 0.0 0.0 0.0 0.0 0.0 0.0 
0.0 0.0 0.0 0.0 0.0 0.0 0.0 0.0 0.0 0.0 0.0 0.0 0.0 0.0 0.0 
0.0 0.0 0.0 0.0 0.0 0.0 0.0 0.0 0.0 0.0 6.553491 0.0 0.0 0.0 0.0 
0.0 0.0 0.0 0.0 0.0 0.0 0.0 7.477802 29.120516 38.8141 22.420319 0.0 0.0 0.0 0.0 
0.0 0.0 0.0 0.0 0.0 28.41826 90.551544 69.182976 13.706466 44.587284 8.926648 0.0 0.0 0.0 0.0 
0.0 0.0 0.0 0.0 35.1951 51.527927 10.793987 0.12036403 3.3787122 45.661438 0.6582606 0.0 0.0 0.0 0.0 
0.0 0.0 0.0 0.0 3.0329003 0.16696395 0.0 0.0 11.3160715 39.727623 0.0 0.0 0.0 0.0 0.0 
0.0 0.0 0.0 0.0 0.0 0.0 0.0 0.0 24.552313 22.459068 0.0 0.0 0.0 0.0 0.0 
0.0 0.0 0.0 0.0 0.0 0.0 0.0 0.0 39.488228 11.9490185 0.0 0.0 0.0 0.0 0.0 
0.0 0.0 0.0 0.0 0.0 0.0 0.0 0.0 46.069 0.94457245 0.0 0.0 0.0 0.0 0.0 
0.0 0.0 0.0 0.0 0.0 0.0 0.0 1.0395101 42.376785 0.0 0.0 0.0 0.0 0.0 0.0 
0.0 0.0 0.0 0.0 0.0 0.0 0.18461539 0.0 38.220287 0.0 0.0 0.0 0.0 0.0 0.0 
0.0 0.0 0.0 0.0 0.0 0.0 6.326188 33.377846 31.913157 0.0 0.0 0.0 0.0 0.0 0.0 
0.0 0.0 0.0 0.0 0.0 0.0 2.8258338 11.782495 0.14661224 0.0 0.0 0.0 0.0 0.0 0.0 