This is POOLING_1 OUTPUT
=================================



This is NEURON(0) OUTPUT :
0.0 0.0 0.0 0.0 0.33394825 0.0 
0.0 0.0 6.251231 1.1874635 0.90357554 0.0 
0.0 3.650786 0.0 0.0 0.0 0.0 
0.0 1.1776397 0.0 13.792658 0.0 0.0 
0.0 0.0 0.0 15.844187 0.0 0.0 
0.0 0.0 0.0 14.488588 0.0 0.0 


This is NEURON(1) OUTPUT :
0.0 0.0 0.004815814 0.0 0.0 0.0 
0.0 0.018955542 0.0 0.0 0.0 0.44430158 
0.0 0.0 7.8305655 0.0 0.0 1.9291221 
0.0 1.9864949 2.4956768 0.0 1.9368379 0.19567646 
0.0 0.0 0.0 0.0 2.6247125 0.0 
0.0 0.0 0.0 0.0 0.26632267 0.0 


This is NEURON(2) OUTPUT :
0.0 0.0 0.0 0.0 0.0 0.11361696 
0.0 0.31161624 0.0 0.8644815 0.0 0.21431862 
0.0 2.5580144 0.45905623 0.0 0.0 0.28716075 
0.0 0.0 6.4341154 0.0 0.0 0.1699473 
0.0 0.0 2.8538318 0.0 0.18639497 0.0 
0.0 0.0 2.7891057 2.4891527 0.22537257 0.0 


This is NEURON(3) OUTPUT :
0.0 0.0 0.0 0.006030619 0.076932475 0.0 
0.0 0.0 0.0 0.31090668 0.0 0.0 
0.0 0.0 3.3487647 11.567674 0.0 0.17029594 
0.0 5.4671917 10.246685 0.0 0.0 0.05223699 
0.0 0.0 0.0 0.0 0.18194222 0.0 
0.0 0.0 0.0 0.0 0.075117625 0.0 


This is NEURON(4) OUTPUT :
0.0 0.0 0.0 0.0 0.0 0.0 
0.0 0.34009263 0.04751401 0.0 1.2583514 0.0 
0.0 2.6189256 6.064927 6.69793 9.993649 0.02808787 
0.0 1.6429245 0.9807759 2.4124079 3.4351435 0.0 
0.0 0.0 4.7701874 2.5239098 2.7007675 0.0 
0.0 0.0 7.128278 1.1438177 1.2218151 0.0 


This is NEURON(5) OUTPUT :
0.0 0.0 0.0 0.0 0.19139427 0.0 
0.0 1.0617752 0.83312607 0.885106 0.0 0.0 
0.0 3.3572617 1.8673327 3.1786804 0.0 0.120908104 
0.0 2.6372313 2.7716508 3.632186 0.0 0.043404296 
0.0 0.0 0.8187633 2.929465 0.12478963 0.0 
0.0 0.0 1.5564272 4.887193 0.34151095 0.0 


This is NEURON(6) OUTPUT :
0.0 0.0 0.0 0.0 0.08143808 0.0 
0.0 0.0069003254 0.27380347 2.1800241 0.6382686 0.0 
0.0 7.371971 15.989721 2.159057 0.0 0.0 
0.0 0.0 0.48065487 1.0543468 0.0 0.0 
0.0 0.0 1.3820665 0.0 0.0 0.0 
0.0 0.0 0.0 0.3583995 0.0 0.0 


This is NEURON(7) OUTPUT :
0.0 0.0 0.0 0.0 0.011051945 0.0 
0.0 0.0019198547 0.0 2.6527364 0.0 0.45486397 
0.0 7.0799775 13.815281 3.0166755 0.0 0.0 
0.0 0.0 0.23896506 0.0 0.0 0.0 
0.0 0.0 0.0 0.0 0.0 0.0 
0.0 0.0 0.5874722 0.0 0.0 0.0 


This is NEURON(8) OUTPUT :
0.0 0.0 0.0 0.020064715 0.16340117 0.0 
0.0 0.834865 0.039317943 4.311855 0.0 1.7535241 
0.0 0.0 0.0 7.919508 0.73782706 0.81764257 
0.0 0.92475826 1.8721253 6.67834 3.2279172 0.0 
0.0 0.0 0.0 7.610547 0.9317526 0.0 
0.0 0.0 0.37929484 2.5084436 1.818964 0.0 


This is NEURON(9) OUTPUT :
0.0 0.0 0.0 0.25563744 0.07808371 0.24606805 
0.0 1.6496223 0.24927263 2.585249 3.9155848 0.89173704 
0.0 0.0 2.6170695 0.94461656 0.51146305 0.0 
0.0 0.0014302521 0.0 0.0 0.0 0.0 
0.0 0.0 0.0 0.0 0.0 0.0 
0.0 0.0 0.0 0.0 0.0 0.0 


This is NEURON(10) OUTPUT :
0.0 0.0 0.0 0.094178855 0.057345055 0.08813113 
0.0 0.07340521 0.025609666 5.499375 4.455428 1.961503 
0.0 8.036388 4.102576 0.79377615 0.0 0.0 
0.0 0.7146482 0.5694455 2.4286013 0.0 0.0 
0.0 0.0 6.559273 0.15076166 0.0 0.0 
0.0 0.0 8.721805 0.24919322 0.8720222 0.0 


This is NEURON(11) OUTPUT :
0.0 0.0 0.023676852 0.023788495 0.20943812 0.0 
0.0 2.1806793 0.0 0.0 1.0771058 0.0 
0.0 0.0 0.0 0.32812685 0.0 0.0 
0.0 0.0 9.1691 1.3030877 0.0 0.0033567399 
0.0 0.0 11.607124 0.0 0.0 0.0 
0.0 0.0 8.498842 0.0 0.05516522 0.0 


This is NEURON(12) OUTPUT :
0.0 0.0 0.0 0.0 0.0 0.26266086 
0.0 0.0 0.050692625 0.0 2.1184769 0.12723921 
0.0 0.0 0.0 0.0 12.208595 0.0 
0.0 2.211655 0.0 2.393421 7.7424917 0.027543005 
0.0 0.0 0.0 14.925396 0.0 0.0 
0.0 0.0 0.0 12.463695 0.04349084 0.0 


This is NEURON(13) OUTPUT :
0.0 0.0 0.0029063243 0.037160885 0.0 0.0 
0.0 2.0388656 0.10470855 1.8532785 0.0 0.0 
0.0 0.057826396 8.769493 1.5758387 1.7613765 0.0 
0.0 2.4026418 0.51812524 0.0 0.0 0.0 
0.0 0.0 0.49597183 0.0 0.0 0.0 
0.0 0.0 0.7327117 0.9188448 0.0 0.0 


This is NEURON(14) OUTPUT :
0.0 0.0 0.0 0.0 0.0 0.0 
0.0 0.0 0.0 0.0 0.0 0.0 
0.0 7.2202907 2.2245739 0.0 0.0 0.66452193 
0.0 3.6401913 0.0 0.39586583 0.47531456 0.048464637 
0.0 0.0 0.0 0.0 1.3009454 0.0 
0.0 0.0 0.0 0.0 0.2090427 0.0 


This is NEURON(15) OUTPUT :
0.0 0.0 0.0037039632 0.078038186 0.0 0.08463157 
0.0 0.23614235 0.0 0.0 2.6765552 0.0 
0.0 0.0 0.11767253 0.4945505 9.504358 1.7116356 
0.0 0.16967513 5.173655 0.0 9.93898 0.2510567 
0.0 0.0 0.0 1.3255137 7.4561796 0.0 
0.0 0.0 0.0 1.2910904 4.7052693 0.0 