This is DENSE_2 OUTPUT
=================================

[0.         1.7631893  0.1695956  2.027593   0.         0.
 1.8511536  4.8948     0.         0.         0.         4.89787
 3.8598633  0.         0.         0.         8.137191   0.
 0.         0.         0.         4.8847504  0.         0.
 0.54496276 0.         0.         4.3506126  0.         0.
 0.         0.         0.8256588  0.         2.731074   0.
 2.4455082  0.         0.         3.5456817  0.         0.
 0.         0.         0.         0.         0.         7.7115173
 0.         0.         0.         0.         0.         9.963725
 0.         0.8991425  0.         0.5064098  3.0688167  0.
 2.4050915  2.0384424  0.         0.         4.7965736  3.4380207
 0.         4.148336   0.         1.2169044  0.         0.
 0.         0.         0.5799244  1.6322117  0.         0.
 0.         0.         0.         0.24065007 0.         0.        ] 