This is CONV_2 OUTPUT
=================================



This is NEURON(0) OUTPUT :
0.0 0.0 0.0 0.0 0.0 0.0 0.0 0.0 0.0 0.0 0.0 0.0 0.0 
0.0 0.0 0.0 0.0 0.0 0.0 0.0 0.0 1.0227636 0.31302944 0.0 0.0 0.0 
0.0 0.0 0.0 0.0 0.0 0.0 0.5161583 4.233696 3.6143022 0.0 0.0 0.0 0.0 
0.0 0.0 0.0 0.0 11.677395 13.327531 0.0 0.0 0.0 0.0 0.0 0.0 0.0 
0.0 0.0 0.0 14.062596 0.0 0.0 0.0 0.0 0.0 0.0 0.0 0.0 0.0 
0.0 0.0 0.0 0.5405469 0.0 0.0 0.0 0.0 0.0 0.0 0.0 0.0 0.0 
0.0 0.0 4.014674 0.0 0.0 0.0 0.0 27.459078 0.0 0.0 0.0 0.0 0.0 
0.0 0.0 0.69588476 0.0 0.0 0.0 17.16029 10.551261 0.0 0.0 0.0 0.0 0.0 
0.0 0.0 0.0 0.0 0.0 0.0 29.619421 0.0 0.0 0.0 0.0 0.0 0.0 
0.0 0.0 0.0 0.0 0.0 0.0 33.757324 0.0 0.0 0.0 0.0 0.0 0.0 
0.0 0.0 0.0 0.0 0.0 0.0 32.18183 0.0 0.0 0.0 0.0 0.0 0.0 
0.0 0.0 0.0 0.0 0.0 0.0 25.772524 0.0 0.0 0.0 0.0 0.0 0.0 
0.0 0.0 0.0 0.0 0.0 0.0 11.076765 0.0 0.0 0.0 0.0 0.0 0.0 


This is NEURON(1) OUTPUT :
0.0 0.0 0.0 0.0 0.0 0.0 0.0 0.0 0.0 0.0 0.0 0.0 0.0 
0.0 0.0 0.0 0.0 0.0 0.019263256 0.0 0.0 0.0 0.0 0.0 0.0 0.0 
0.0 0.0 0.07582217 0.0 0.0 0.0 0.0 0.0 0.0 0.0 0.0 0.0 0.0 
0.0 0.0 0.0 0.0 0.0 0.0 0.0 0.0 0.0 0.0 1.7772063 0.0 0.0 
0.0 0.0 0.0 0.0 0.0 0.0 0.0 0.0 0.0 0.0 4.1756654 0.0 0.0 
0.0 0.0 0.0 0.0 8.5798025 22.74246 0.0 0.0 0.0 0.0 3.540823 0.0 0.0 
0.0 0.0 7.490536 0.0 9.934272 0.0 0.0 0.0 0.0 2.7123153 0.78270584 0.0 0.0 
0.0 0.0 0.29981878 0.1556245 0.048435412 0.0 0.0 0.0 0.0 5.0350366 0.0 0.0 0.0 
0.0 0.0 0.0 0.0 0.0 0.0 0.0 0.0 0.0 6.4846635 0.0 0.0 0.0 
0.0 0.0 0.0 0.0 0.0 0.0 0.0 0.0 0.0 4.0141864 0.0 0.0 0.0 
0.0 0.0 0.0 0.0 0.0 0.0 0.0 0.0 0.0 1.0652907 0.0 0.0 0.0 
0.0 0.0 0.0 0.0 0.0 0.0 0.0 0.0 0.0 0.0 0.0 0.0 0.0 
0.0 0.0 0.0 0.0 0.0 0.0 0.0 31.482368 8.527194 0.0 0.0 0.0 0.0 


This is NEURON(2) OUTPUT :
0.0 0.0 0.0 0.0 0.0 0.0 0.0 0.0 0.0 0.0 0.0 0.0 0.0 
0.0 0.0 0.0 0.0 0.0 0.0 0.0 0.0 0.0 0.0 0.45446783 0.0 0.0 
0.0 0.0 0.0 0.0 0.0 0.0 0.0 0.0 0.0 0.0 0.8572745 0.0 0.0 
0.0 0.0 1.246465 0.0 0.0 0.0 3.457926 0.0 0.0 0.0 0.0 0.0 0.0 
0.0 0.0 9.708923 0.0 1.8362249 0.0 0.0 0.0 0.0 0.0 0.0 0.0 0.0 
0.0 0.0 0.52313447 0.0 0.0 0.0 0.0 0.0 0.0 0.0 1.148643 0.0 0.0 
0.0 0.0 0.0 0.0 6.075429 10.752718 0.0 0.0 0.0 0.0 0.6797892 0.0 0.0 
0.0 0.0 0.0 0.0 0.7408893 8.167425 0.0 0.0 0.0 0.0 0.0 0.0 0.0 
0.0 0.0 0.0 0.0 0.0 7.4213624 0.0 0.0 0.0 0.0 0.0 0.0 0.0 
0.0 0.0 0.0 0.0 0.02750934 3.966456 0.0 0.0 0.0 0.7455799 0.0 0.0 0.0 
0.0 0.0 0.0 0.0 1.3234266 1.6595668 0.0 2.285472 0.0 0.9014903 0.0 0.0 0.0 
0.0 0.0 0.0 0.0 3.3967083 4.776721 0.0 7.671139 0.0 0.0 0.0 0.0 0.0 
0.0 0.0 0.0 0.0 0.81309396 4.306574 3.2896073 7.2660694 0.0 0.0 0.0 0.0 0.0 


This is NEURON(3) OUTPUT :
0.0 0.0 0.0 0.0 0.0 0.0 0.0 0.0 0.0 0.0 0.0 0.0 0.0 
0.0 0.0 0.0 0.0 0.0 0.0 0.0 0.024122477 0.122809954 0.18491995 0.0 0.0 0.0 
0.0 0.0 0.0 0.0 0.0 0.0 0.0 1.2436267 0.0 0.0 0.0 0.0 0.0 
0.0 0.0 0.0 0.0 0.0 0.0 0.0 0.0 0.0 0.0 0.0 0.0 0.0 
0.0 0.0 0.0 0.0 0.0 0.0 0.0 0.0 0.0 0.0 0.0 0.0 0.0 
0.0 0.0 0.0 0.0 0.0 13.395059 28.572567 17.698128 0.0 0.0 0.68118376 0.0 0.0 
0.0 0.0 0.0 20.274672 22.322666 17.480919 0.0 0.0 0.0 0.0 0.20894796 0.0 0.0 
0.0 0.0 0.0 1.5940952 1.1831554 0.0 0.0 0.0 0.0 0.0 0.0 0.0 0.0 
0.0 0.0 0.0 0.0 0.0 0.0 0.0 0.0 0.0 0.0 0.0 0.0 0.0 
0.0 0.0 0.0 0.0 0.0 0.0 0.0 0.0 0.0 0.7277689 0.0 0.0 0.0 
0.0 0.0 0.0 0.0 0.0 0.0 0.0 0.0 0.0 0.3004705 0.0 0.0 0.0 
0.0 0.0 0.0 0.0 0.0 0.0 0.0 0.0 0.0 0.0 0.0 0.0 0.0 
0.0 0.0 0.0 0.0 0.0 0.0 0.0 0.0 0.0 0.0 0.0 0.0 0.0 


This is NEURON(4) OUTPUT :
0.0 0.0 0.0 0.0 0.0 0.0 0.0 0.0 0.0 0.0 0.0 0.0 0.0 
0.0 0.0 0.0 0.0 0.0 0.0 0.0 0.0 0.0 0.0 0.0 0.0 0.0 
0.0 0.0 0.0 0.0 0.19005604 0.0 0.0 0.0 0.0 0.5301099 0.0 0.0 0.0 
0.0 0.0 1.3603705 0.0 0.0 0.0 0.0 0.0 0.0 4.503296 0.0 0.0 0.0 
0.0 0.0 2.0861015 2.362675 0.0 0.0 0.0 10.086952 17.708614 8.179394 0.11235148 0.0 0.0 
0.0 0.0 6.0269256 0.0 3.2356741 21.024035 16.704767 0.0 11.338617 2.74797 0.0 0.0 0.0 
0.0 0.0 6.571698 0.0 0.0 0.0 4.0412865 0.0 6.9019055 0.2564593 0.0 0.0 0.0 
0.0 0.0 0.0 0.0 0.0 3.9231036 5.608345 0.0 6.582209 0.0 0.0 0.0 0.0 
0.0 0.0 0.0 0.0 0.0 8.513339 0.0 3.8782218 6.6682863 0.0 0.0 0.0 0.0 
0.0 0.0 0.0 0.0 0.0 10.5674095 0.0 6.2174172 4.134784 0.0 0.0 0.0 0.0 
0.0 0.0 0.0 0.0 0.78790754 13.74595 0.0 4.5752707 4.8872604 0.0 0.0 0.0 0.0 
0.0 0.0 0.0 0.0 1.3923081 12.586946 0.0 0.0 0.0 0.0 0.0 0.0 0.0 
0.0 0.0 0.0 0.0 2.353248 2.2192984 0.0 0.0 0.17643143 0.0 0.0 0.0 0.0 


This is NEURON(5) OUTPUT :
0.0 0.0 0.0 0.0 0.0 0.0 0.0 0.0 0.0 0.0 0.0 0.0 0.0 
0.0 0.0 0.0 0.0 0.0 0.0 0.0 0.0 0.7655771 0.0 0.0 0.0 0.0 
0.0 0.0 0.18922418 0.0 0.0 0.8000086 3.540424 0.0 0.0 0.0 0.0 0.0 0.0 
0.0 0.0 3.2446172 0.8132595 2.5324957 0.0 0.0 0.0 0.0 0.0 0.0 0.0 0.0 
0.0 0.0 8.202764 0.0 0.0 0.0 2.789207 0.0 0.0 0.0 0.0 0.0 0.0 
0.0 0.0 0.0 5.2262836 6.188723 1.2806076 0.0 9.925515 0.0 0.0 0.48363242 0.0 0.0 
0.0 0.0 0.0 10.111859 0.0 4.765734 0.24832082 9.072031 0.0 0.0 0.17361718 0.0 0.0 
0.0 0.0 0.20451343 0.23255277 0.0 6.3208694 0.0 5.2083926 0.0 0.0 0.0 0.0 0.0 
0.0 0.0 0.0 0.0 0.0 2.9829278 1.8704029 0.0 0.0 0.0 0.0 0.0 0.0 
0.0 0.0 0.0 0.0 0.29212555 0.0 9.847457 0.0 0.0 0.49915853 0.0 0.0 0.0 
0.0 0.0 0.0 0.0 1.5946358 0.0 16.051638 0.0 0.0 0.28101978 0.0 0.0 0.0 
0.0 0.0 0.0 0.0 1.931564 2.6995091 3.497135 0.0 1.085024 0.0 0.0 0.0 0.0 
0.0 0.0 0.0 0.0 0.0 0.0 5.6909842 0.0 0.0 0.0 0.0 0.0 0.0 


This is NEURON(6) OUTPUT :
0.0 0.0 0.0 0.0 0.0 0.0 0.0 0.0 0.0 0.0 0.0 0.0 0.0 
0.0 0.0 0.0 0.0 0.0 0.0 0.0 0.0 0.0 0.32575232 0.0 0.0 0.0 
0.0 0.0 0.027601302 0.0 0.0 0.0 0.0 0.0 0.0 0.0 0.0 0.0 0.0 
0.0 0.0 0.0 0.0 0.0 1.0952139 8.720097 0.0 2.5530744 0.0 0.0 0.0 0.0 
0.0 0.0 0.0 5.006206 37.69887 26.260014 8.636228 0.0 0.0 0.0 0.0 0.0 0.0 
0.0 0.0 9.339691 15.141986 0.0 0.0 0.0 0.0 0.0 0.0 0.0 0.0 0.0 
0.0 0.0 0.0 0.0 0.0 0.0 0.0 2.3264701 0.0 0.0 0.0 0.0 0.0 
0.0 0.0 0.0 0.0 0.0 1.9226195 0.0 1.8909168 0.0 0.0 0.0 0.0 0.0 
0.0 0.0 0.0 0.0 0.0 3.6066527 0.0 0.0 0.0 0.0 0.0 0.0 0.0 
0.0 0.0 0.0 0.0 0.0 1.9216133 0.0 0.0 0.0 0.0 0.0 0.0 0.0 
0.0 0.0 0.0 0.0 0.0 0.0 0.0 0.0 0.0 0.0 0.0 0.0 0.0 
0.0 0.0 0.0 0.0 0.0 0.0 0.0 1.433598 0.0 0.0 0.0 0.0 0.0 
0.0 0.0 0.0 0.0 1.6037228 5.530464 9.546842 0.0 0.0 0.0 0.0 0.0 0.0 


This is NEURON(7) OUTPUT :
0.0 0.0 0.0 0.0 0.0 0.0 0.0 0.0 0.0 0.0 0.0 0.0 0.0 
0.0 0.0 0.0 0.0 0.0 0.0 0.0 0.0 0.0 0.04420778 0.0 0.0 0.0 
0.0 0.0 0.0 0.0 0.0 0.0 0.0 0.0 0.0 0.0 0.0 0.0 0.0 
0.0 0.0 0.0076794187 0.0 0.0 0.0 5.297913 5.3130326 0.0 0.0 1.8194559 0.0 0.0 
0.0 0.0 7.474021 15.205773 23.95598 31.305141 12.066702 0.0 0.0 0.0 0.0 0.0 0.0 
0.0 0.0 5.32457 0.3155451 0.0 0.0 0.0 0.0 0.0 0.0 0.0 0.0 0.0 
0.0 0.0 0.0 0.0 0.0 0.0 0.0 0.0 0.0 0.0 0.0 0.0 0.0 
0.0 0.0 0.0 0.0 0.0 0.95586026 0.0 0.0 0.0 0.0 0.0 0.0 0.0 
0.0 0.0 0.0 0.0 0.0 0.0 0.0 0.0 0.0 0.0 0.0 0.0 0.0 
0.0 0.0 0.0 0.0 0.0 0.0 0.0 0.0 0.0 0.0 0.0 0.0 0.0 
0.0 0.0 0.0 0.0 0.5865024 0.0 0.0 0.0 0.0 0.0 0.0 0.0 0.0 
0.0 0.0 0.0 0.0 1.7633864 0.0 0.0 0.0 0.0 0.0 0.0 0.0 0.0 
0.0 0.0 0.0 0.0 0.0 0.0 0.0 0.0 5.1788025 0.0 0.0 0.0 0.0 


This is NEURON(8) OUTPUT :
0.0 0.0 0.0 0.0 0.0 0.0 0.0 0.0 0.0 0.0 0.0 0.0 0.0 
0.0 0.0 0.0 0.0 0.0 0.0 0.0 0.08025886 0.6536047 0.0 0.0 0.0 0.0 
0.0 0.0 0.0 0.14178011 0.0 0.15727177 0.0 2.4467442 0.0 0.0 0.9598968 0.0 0.0 
0.0 0.0 0.0 3.1976798 0.0 0.0 0.0 14.800674 0.0 0.0 6.054199 0.0 0.0 
0.0 0.0 0.0 0.0 0.0 0.0 0.0 25.78599 0.0 0.6346159 3.2705703 0.0 0.0 
0.0 0.0 0.0 0.0 0.0 0.0 5.892042 0.0 0.0 2.3166924 0.0 0.0 0.0 
0.0 0.0 0.0 3.0085638 7.211155 0.0 7.6933947 0.0 0.0 6.8285174 0.0 0.0 0.0 
0.0 0.0 0.0 0.69046926 0.277346 0.0 19.019964 0.0 0.0 6.083152 0.0 0.0 0.0 
0.0 0.0 0.0 0.0 0.0 0.0 18.669525 0.0 0.0 2.5879588 0.0 0.0 0.0 
0.0 0.0 0.0 0.0 0.0 0.0 11.772663 0.0 1.1390517 0.0 0.0 0.0 0.0 
0.0 0.0 0.0 0.0 0.0 0.0 10.033774 0.0 1.4969983 0.0 0.0 0.0 0.0 
0.0 0.0 0.0 0.0 0.0 1.5171794 0.0 0.0 5.7788577 0.0 0.0 0.0 0.0 
0.0 0.0 0.0 0.0 0.0 0.0 0.0 12.895293 11.008682 0.0 0.0 0.0 0.0 


This is NEURON(9) OUTPUT :
0.0 0.0 0.0 0.0 0.0 0.0 0.0 0.0 0.0 0.0 0.0 0.0 0.0 
0.0 0.0 0.0 0.0 0.0 0.0 0.09833325 0.92421645 0.0 0.31233484 0.9842722 0.0 0.0 
0.0 0.0 0.0 1.0553638 0.9970905 0.0 0.0 6.1958356 9.8639145 5.746497 3.5669482 0.0 0.0 
0.0 0.0 0.0 5.5431256 0.0 0.0 0.0 4.1451597 0.0 0.051927846 0.0 0.0 0.0 
0.0 0.0 0.0 0.0 0.0 0.0 0.0 3.7784662 2.0458522 0.0 0.0 0.0 0.0 
0.0 0.0 0.0 0.0 10.468278 0.0 0.0 0.0 0.0 0.0 0.0 0.0 0.0 
0.0 0.0 0.0 0.0 0.0 0.0 0.0 0.0 0.0 0.0 0.0 0.0 0.0 
0.0 0.0 0.0057210084 0.0 0.0 0.0 0.0 0.0 0.0 0.0 0.0 0.0 0.0 
0.0 0.0 0.0 0.0 0.0 0.0 0.0 0.0 0.0 0.0 0.0 0.0 0.0 
0.0 0.0 0.0 0.0 0.0 0.0 0.0 0.0 0.0 0.0 0.0 0.0 0.0 
0.0 0.0 0.0 0.0 0.0 0.0 0.0 0.0 0.0 0.0 0.0 0.0 0.0 
0.0 0.0 0.0 0.0 0.0 0.0 0.0 0.0 0.0 0.0 0.0 0.0 0.0 
0.0 0.0 0.0 0.0 0.0 0.0 0.0 0.0 0.0 0.0 0.0 0.0 0.0 


This is NEURON(10) OUTPUT :
0.0 0.0 0.0 0.0 0.0 0.0 0.0 0.0 0.0 0.0 0.0 0.0 0.0 
0.0 0.0 0.0 0.0 0.0 0.0 0.0 0.37671542 0.0 0.22938022 0.35252452 0.0 0.0 
0.0 0.0 0.0 0.29362085 0.102438666 0.0 0.0 0.0 2.7826345 3.724302 4.1985035 0.0 0.0 
0.0 0.0 0.0 0.0 0.0 0.0 5.421463 16.576036 10.425948 0.88882816 3.6475084 0.0 0.0 
0.0 0.0 0.0 0.0 0.0 16.410303 3.1751046 0.0 0.0 0.0 0.0 0.0 0.0 
0.0 0.0 18.48815 13.657406 0.0 0.0 0.0 0.0 0.0 0.0 0.0 0.0 0.0 
0.0 0.0 2.8585927 0.0 0.0 0.0 1.5945444 0.0 0.0 0.0 0.0 0.0 0.0 
0.0 0.0 0.0 0.0 0.0 2.277782 8.119861 0.0 0.0 0.0 0.0 0.0 0.0 
0.0 0.0 0.0 0.0 0.0 10.40538 0.60304666 0.0 0.0 0.0 0.0 0.0 0.0 
0.0 0.0 0.0 0.0 0.0 15.83171 0.0 0.0 0.0 0.0 0.0 0.0 0.0 
0.0 0.0 0.0 0.0 0.0 18.53398 0.0 0.0 0.0 0.0 0.0 0.0 0.0 
0.0 0.0 0.0 0.0 3.0131025 13.3401375 0.40417036 0.5926025 3.4880888 0.0 0.0 0.0 0.0 
0.0 0.0 0.0 0.0 6.3317747 19.435389 6.869074 4.1839347 0.7562596 0.0 0.0 0.0 0.0 


This is NEURON(11) OUTPUT :
0.0 0.0 0.0 0.0 0.0 0.0 0.0 0.0 0.0 0.0 0.0 0.0 0.0 
0.0 0.0 0.0 0.0 0.0 0.09470741 0.09515398 0.0 0.0 0.83775246 0.0 0.0 0.0 
0.0 0.0 0.68122166 0.0 0.0 0.0 0.0 0.0 0.0 1.9188102 0.0 0.0 0.0 
0.0 0.0 8.041495 0.0 0.0 0.0 0.0 0.0 0.0 2.389613 0.0 0.0 0.0 
0.0 0.0 0.0 0.0 0.0 0.0 0.0 0.0 0.0 0.0 0.0 0.0 0.0 
0.0 0.0 0.0 0.0 0.0 0.0 1.3125074 0.0 0.0 0.0 0.0 0.0 0.0 
0.0 0.0 0.0 0.0 0.0 14.992668 5.212351 0.0 0.0 0.0 0.0134269595 0.0 0.0 
0.0 0.0 0.0 0.0 0.5332298 21.150503 0.0 0.0 0.0 0.0 0.0 0.0 0.0 
0.0 0.0 0.0 0.0 0.0 24.044508 0.0 0.0 0.0 0.0 0.0 0.0 0.0 
0.0 0.0 0.0 0.0 0.92594266 21.458046 0.0 0.0 0.0 0.0 0.0 0.0 0.0 
0.0 0.0 0.0 0.0 3.2717152 19.826761 0.0 0.0 0.14769463 0.07296625 0.0 0.0 0.0 
0.0 0.0 0.0 0.0 2.5429308 8.353961 0.0 0.0 0.0 0.0 0.0 0.0 0.0 
0.0 0.0 0.0 0.0 0.0 0.0 0.0 0.0 0.0 0.0 0.0 0.0 0.0 


This is NEURON(12) OUTPUT :
0.0 0.0 0.0 0.0 0.0 0.0 0.0 0.0 0.0 0.0 0.0 0.0 0.0 
0.0 0.0 0.0 0.0 0.0 0.0 0.0 0.0 0.0 0.0 1.0506434 0.0 0.0 
0.0 0.0 0.0 0.0 0.2027705 0.0 0.0 0.0 0.0 5.001601 0.50895685 0.0 0.0 
0.0 0.0 0.0 0.0 0.0 0.0 0.0 0.0 0.0 3.4723058 0.0 0.0 0.0 
0.0 0.0 0.0 0.0 0.0 0.0 0.0 0.0 15.074694 0.0 0.0 0.0 0.0 
0.0 0.0 0.0 0.0 0.0 0.0 0.0 0.0 33.75969 0.0 0.0 0.0 0.0 
0.0 0.0 8.533559 0.0 0.0 0.0 0.0 0.0 22.596682 0.0 0.11017202 0.0 0.0 
0.0 0.0 0.31306034 0.0 0.0 0.0 0.0 9.573684 8.373284 0.0 0.0 0.0 0.0 
0.0 0.0 0.0 0.0 0.0 0.0 0.0 26.946207 0.0 0.0 0.0 0.0 0.0 
0.0 0.0 0.0 0.0 0.0 0.0 0.0 32.755375 0.0 0.0 0.0 0.0 0.0 
0.0 0.0 0.0 0.0 0.0 0.0 0.0 24.826145 0.0 0.17396335 0.0 0.0 0.0 
0.0 0.0 0.0 0.0 0.0 0.0 0.0 25.028633 0.0 0.0 0.0 0.0 0.0 
0.0 0.0 0.0 0.0 0.08472222 0.0 0.0 12.265349 0.0 0.0 0.0 0.0 0.0 


This is NEURON(13) OUTPUT :
0.0 0.0 0.0 0.0 0.0 0.0 0.0 0.0 0.0 0.0 0.0 0.0 0.0 
0.0 0.0 0.0 0.0 0.0 0.011625297 0.14864354 0.0 0.0 0.0 0.0 0.0 0.0 
0.0 0.0 0.35861212 0.0 0.3107944 0.10803981 1.8278484 0.0 0.0 0.0 0.0 0.0 0.0 
0.0 0.0 4.2321024 3.5647483 0.0 0.0 0.0 5.5852656 0.0 0.0 0.0 0.0 0.0 
0.0 0.0 0.0 0.0 2.4735236 12.473557 6.3033547 0.0 7.045506 0.0 0.0 0.0 0.0 
0.0 0.0 0.23130558 0.0 3.4493303 16.681559 0.0 0.0 0.0 0.0 0.0 0.0 0.0 
0.0 0.0 5.0098567 4.1425195 0.0 0.0 0.0 0.0 0.0 0.0 0.0 0.0 0.0 
0.0 0.0 0.45819074 0.0 0.0 2.072501 0.0 0.0 0.0 0.0 0.0 0.0 0.0 
0.0 0.0 0.0 0.0 0.0 1.4690418 0.0 0.0 0.0 0.0 0.0 0.0 0.0 
0.0 0.0 0.0 0.0 0.5148455 0.0 0.0 0.0 0.0 0.0 0.0 0.0 0.0 
0.0 0.0 0.0 0.0 1.2310195 1.6998271 0.0 0.0 0.0 0.0 0.0 0.0 0.0 
0.0 0.0 0.0 0.0 0.0 0.0 0.0 3.6753793 0.0 0.0 0.0 0.0 0.0 
0.0 0.0 0.0 0.0 0.0 0.0 0.0 0.0 2.8577034 0.0 0.0 0.0 0.0 


This is NEURON(14) OUTPUT :
0.0 0.0 0.0 0.0 0.0 0.0 0.0 0.0 0.0 0.0 0.0 0.0 0.0 
0.0 0.0 0.0 0.0 0.0 0.0 0.0 0.0 0.0 0.0 0.0 0.0 0.0 
0.0 0.0 0.0 0.0 0.0 0.0 0.0 0.0 0.0 0.0 0.0 0.0 0.0 
0.0 0.0 0.0 0.0 0.0 0.0 0.0 0.0 0.0 0.0 0.0 0.0 0.0 
0.0 0.0 0.0 0.0 0.0 0.0 0.0 0.0 0.0 0.0 0.9998191 0.0 0.0 
0.0 0.0 3.7289612 25.1522 8.898295 0.0 0.0 0.0 0.0 0.0 1.6582686 0.0 0.0 
0.0 0.0 10.84296 3.14791 0.0 0.0 1.5834633 0.0 0.0 0.063072875 0.19385855 0.0 0.0 
0.0 0.0 0.56989443 0.0 0.0 0.0 0.0 0.0 0.0 1.8381853 0.0 0.0 0.0 
0.0 0.0 0.0 0.0 0.0 0.0 0.0 0.0 0.0 3.1538577 0.0 0.0 0.0 
0.0 0.0 0.0 0.0 0.0 0.0 0.0 0.0 0.0 2.049924 0.0 0.0 0.0 
0.0 0.0 0.0 0.0 0.0 0.0 0.0 0.0 0.5347804 0.3013904 0.0 0.0 0.0 
0.0 0.0 0.0 0.0 0.0 0.0 0.0 0.0 0.0 0.0 0.0 0.0 0.0 
0.0 0.0 0.0 0.0 0.50170887 6.132236 1.5363004 0.0 1.8072952 0.0 0.0 0.0 0.0 


This is NEURON(15) OUTPUT :
0.0 0.0 0.0 0.0 0.0 0.0 0.0 0.0 0.0 0.0 0.0 0.0 0.0 
0.0 0.0 0.0 0.0 0.0 0.014815853 0.18491389 0.12723885 0.0 0.0 0.33852628 0.0 0.0 
0.0 0.0 0.059602316 0.5619139 0.0 0.0 0.0 0.0 0.0 0.0 0.0 0.0 0.0 
0.0 0.0 0.0 0.32305318 0.0 0.0 0.0 0.0 0.0 10.706221 0.0 0.0 0.0 
0.0 0.0 0.0 0.0 0.0 0.0 0.0 0.0 0.0 13.213092 2.801986 0.0 0.0 
0.0 0.0 0.0 0.0 0.0 0.47069013 1.978202 0.0 16.159634 8.644707 4.0445566 0.0 0.0 
0.0 0.0 0.0 0.0 13.472577 6.770108 0.0 0.0 13.427043 6.5016537 1.0042268 0.0 0.0 
0.0 0.0 0.0 0.6787005 0.45193428 0.0 0.0 0.0 13.891136 5.936089 0.0 0.0 0.0 
0.0 0.0 0.0 0.0 0.0 0.0 0.0 0.0 10.78778 5.7572846 0.0 0.0 0.0 
0.0 0.0 0.0 0.0 0.0 0.0 0.0 5.302055 8.772225 4.507427 0.0 0.0 0.0 
0.0 0.0 0.0 0.0 0.0 0.0 0.0 1.8707752 12.979869 1.3589731 0.0 0.0 0.0 
0.0 0.0 0.0 0.0 0.0 0.0 0.0 3.2935863 4.4822345 0.0 0.0 0.0 0.0 
0.0 0.0 0.0 0.0 0.0 0.0 0.0 11.575949 2.4039063 0.0 0.0 0.0 0.0 